Bin,Observed Frequency,Cumulative Frequency,Relative Frequency
1,3788,2.170%,2.170%
1.5,4303,4.635%,2.465%
2,9320,9.974%,5.339%
2.5,16148,19.224%,9.250%
3,23141,32.481%,13.256%
3.5,32038,50.834%,18.353%
4,33491,70.020%,19.186%
4.5,24796,84.224%,14.205%
5,27539,100.000%,15.776%
